84
230
352
725
1087
1449
1830
2198
2572
2919
3235
3572
3932
4282
4613
4948
5256
5559
5864
6175
6473
6758
7046
7337
7616
7898
8184
8476
8759
9026
9272
9518
9770
10039
10316
10584
10886
11245
11589
11936
12288
12650
13002
13320
13618
13755
13919
14228
14565
14904
15232
15562
15901
16246
16606
16999
17355
17702
18027
18334
18645
18965
19276
19580
19870
20137
20407
20691
20990
21301
21638
22009
22365
22495
22690
23017
23365
23720
24049
24363
24684
25011
25339
25698
26069
26435
26788
27139
27472
27811
28162
28501
28802
29106
29409
29713
30025
30335
30631
30921
31191
31463
31727
32015
32337
32451
32668
32868
33046
33477
33654
33821
34306
34667
34859
35281
35469
35639
36102
36291
36758
36952
37124
37582
37914
38093
38268
38756
38940
39119
39591
39904
40086
40256
40715
41034
41223
41396
41838
42004
42440
42626
42799
43276
43461
43907
44085
44508
44693
44868
45351
45548
45977
46157
46324
46778
46957
47414
47607
47781
48226
48414
48569
49010
49192
49375
49836
50023
50425
50608
50774
51213
51401
51851
52038
52212
52662
52837
53276
53579
53874
54075
54254
54717
54889
55064
55560
55748
56228
56377
56549
56843
57175
57496
57685
57876
58346
58535
58993
59171
59333
59596
59770
59862
59955
60433
60637
61083
61278
61504
61730
62100
62489
62824
63129
63390
63500
63625
63692
63865
64036
64350
64569
64767
65288
65706
66105
66486
66887
67303
67703
68095
68465
68870
69271
69636
69759
69965
70281
70619
70999
71408
71816
72194
72560
72946
73337
73731
74088
74409
74743
75139
75515
75908
76288
76671
77025
77401
77772
78157
78501
78857
79262
79651
80034
80375
80687
81020
81391
81805
82214
82586
82945
83308
83664
84035
84436
84837
85214
85601
86012
86381
86756
87133
87508
87889
88299
88712
89097
89431
89743
90058
90399
90778
91134
91455
91754
92047
92346
92659
93016
93394
93714
94035
94376
94717
95042
95381
95717
95906
96336
96663
97009
97331
97621
97910
98218
98514
98820
99135
99472
99808
1.0012e+05
1.0044e+05
1.0079e+05
1.0115e+05
1.0152e+05
1.0188e+05
1.0223e+05
1.0256e+05
1.0291e+05
1.033e+05
1.0367e+05
1.0404e+05
1.0441e+05
1.0478e+05
1.0512e+05
1.055e+05
1.059e+05
1.0629e+05
1.0663e+05
1.0698e+05
1.0737e+05
1.0778e+05
1.0815e+05
1.0854e+05
1.0892e+05
1.0929e+05
1.0967e+05
1.1007e+05
1.1043e+05
1.1079e+05
1.1114e+05
1.1147e+05
1.1183e+05
1.1223e+05
1.1262e+05
1.1296e+05
1.1331e+05
1.1367e+05
1.1406e+05
1.144e+05
1.1474e+05
1.1508e+05
1.1543e+05
1.1577e+05
1.1612e+05
1.1653e+05
1.1691e+05
1.1728e+05
1.1765e+05
1.1799e+05
1.1836e+05
1.1876e+05
1.1914e+05
1.1949e+05
1.1985e+05
1.2022e+05
1.206e+05
1.2101e+05
1.214e+05
1.2177e+05
1.2212e+05
1.2247e+05
1.2281e+05
1.2314e+05
1.2349e+05
1.2388e+05
1.2425e+05
1.2465e+05
1.2503e+05
1.2542e+05
1.2579e+05
1.2612e+05
1.2645e+05
1.2681e+05
1.2717e+05
1.2757e+05
1.2796e+05
1.2831e+05
1.2868e+05
1.2905e+05
1.2945e+05
1.2982e+05
1.3019e+05
1.3054e+05
1.3087e+05
1.3123e+05
1.3163e+05
1.3201e+05
1.3238e+05
1.3272e+05
1.3308e+05
1.3347e+05
1.3384e+05
1.3421e+05
1.3457e+05
1.3491e+05
1.3525e+05
1.3562e+05
1.3598e+05
1.3636e+05
1.3673e+05
1.3706e+05
1.3741e+05
1.3776e+05
1.381e+05
1.3846e+05
1.3882e+05
1.3917e+05
1.3953e+05
1.3988e+05
1.4024e+05
1.4057e+05
1.4092e+05
1.4128e+05
1.4164e+05
1.4198e+05
1.4234e+05
1.4271e+05
1.4307e+05
1.434e+05
1.4371e+05
1.4404e+05
1.4436e+05
1.4468e+05
1.4499e+05
1.4532e+05
1.4569e+05
1.4607e+05
1.4645e+05
1.4683e+05
1.4719e+05
1.4754e+05
1.4787e+05
1.4819e+05
1.4852e+05
1.4889e+05
1.493e+05
1.4969e+05
1.5003e+05
1.5039e+05
1.5078e+05
1.5118e+05
1.5157e+05
1.5193e+05
1.5229e+05
1.5267e+05
1.5305e+05
1.5343e+05
1.5357e+05
1.5379e+05
1.5409e+05
1.5438e+05
1.5454e+05
1.5468e+05
1.5501e+05
1.5532e+05
1.5564e+05
1.5594e+05
1.5623e+05
1.565e+05
1.5677e+05
1.5705e+05
1.5734e+05
1.5762e+05
1.579e+05
1.5817e+05
1.5843e+05
1.5869e+05
1.5894e+05
1.592e+05
1.5949e+05
1.5979e+05
1.6012e+05
1.6048e+05
1.6066e+05
1.6108e+05
1.6142e+05
1.6175e+05
1.6208e+05
1.6243e+05
1.6278e+05
1.6296e+05
1.6328e+05
1.6337e+05
1.6371e+05
1.6407e+05
1.6442e+05
1.6459e+05
1.6474e+05
1.6506e+05
1.654e+05
1.6575e+05
1.661e+05
1.6642e+05
1.6673e+05
1.6703e+05
1.6736e+05
1.677e+05
1.6804e+05
1.684e+05
1.6877e+05
1.6911e+05
1.6944e+05
1.6976e+05
1.7009e+05
1.7047e+05
1.7083e+05
1.7116e+05
1.7149e+05
1.7183e+05
1.722e+05
1.7256e+05
1.7291e+05
1.7311e+05
1.7326e+05
1.736e+05
1.7392e+05
1.7424e+05
1.7456e+05
1.7489e+05
1.7519e+05
1.7549e+05
1.7578e+05
1.7607e+05
1.7638e+05
1.767e+05
1.7702e+05
1.7733e+05
1.7762e+05
1.7789e+05
1.7819e+05
1.785e+05
1.7883e+05
1.7918e+05
1.795e+05
1.7981e+05
1.8012e+05
1.8044e+05
1.8078e+05
1.8114e+05
1.815e+05
1.8183e+05
1.8215e+05
1.8247e+05
1.8279e+05
1.8311e+05
1.8326e+05
1.8344e+05
1.8378e+05
1.8412e+05
1.8443e+05
1.8475e+05
1.8509e+05
1.8545e+05
1.8581e+05
1.8615e+05
1.865e+05
1.8682e+05
1.8715e+05
1.8751e+05
1.8785e+05
1.8821e+05
1.8855e+05
1.8887e+05
1.892e+05
1.8952e+05
1.8984e+05
1.9015e+05
1.9048e+05
1.9079e+05
1.9111e+05
1.9145e+05
1.9182e+05
1.9218e+05
1.9255e+05
1.9291e+05
1.9323e+05
1.9357e+05
1.9391e+05
1.9426e+05
1.9461e+05
1.9496e+05
1.9528e+05
1.9561e+05
1.9596e+05
1.9632e+05
1.9669e+05
1.9705e+05
1.974e+05
1.9774e+05
1.9807e+05
1.9841e+05
1.9876e+05
1.9914e+05
1.9949e+05
1.998e+05
2.0014e+05
2.005e+05
2.0086e+05
2.0122e+05
2.0155e+05
2.0186e+05
2.0217e+05
2.0248e+05
2.0278e+05
2.0308e+05
2.0339e+05
2.0368e+05
2.0397e+05
2.0427e+05
2.0458e+05
2.0492e+05
2.053e+05
2.0567e+05
2.0601e+05
2.0636e+05
2.067e+05
2.0707e+05
2.0746e+05
2.0783e+05
2.0818e+05
2.0853e+05
2.0889e+05
2.0925e+05
2.0962e+05
2.0997e+05
2.1031e+05
2.1064e+05
2.1099e+05
2.1135e+05
2.1172e+05
2.1208e+05
2.1242e+05
2.1276e+05
2.1312e+05
2.1347e+05
2.1363e+05
2.1383e+05
2.1419e+05
2.1453e+05
2.1482e+05
2.1513e+05
2.1548e+05
2.1584e+05
2.1621e+05
2.1654e+05
2.1685e+05
2.1716e+05
2.1749e+05
2.1781e+05
2.1814e+05
2.1846e+05
2.1879e+05
2.1912e+05
2.1945e+05
2.1979e+05
2.2014e+05
2.2052e+05
2.2088e+05
2.2123e+05
2.216e+05
2.2199e+05
2.2239e+05
2.2277e+05
2.2314e+05
2.235e+05
2.2384e+05
2.2421e+05
2.2456e+05
2.249e+05
2.2523e+05
2.2555e+05
2.2586e+05
2.2618e+05
2.265e+05
2.2682e+05
2.2713e+05
2.2742e+05
2.2772e+05
2.2802e+05
2.2834e+05
2.2868e+05
2.2901e+05
2.2918e+05
2.2933e+05
2.2967e+05
2.2999e+05
2.3029e+05
2.306e+05
2.3093e+05
2.3127e+05
2.3161e+05
2.3195e+05
2.3225e+05
2.3257e+05
2.3291e+05
2.3326e+05
2.336e+05
2.3392e+05
2.3424e+05
2.3457e+05
2.3489e+05
2.3523e+05
2.3534e+05
2.3558e+05
2.3594e+05
2.3627e+05
2.366e+05
2.3691e+05
2.3724e+05
2.3758e+05
2.3793e+05
2.3825e+05
2.3857e+05
2.389e+05
2.3926e+05
2.3962e+05
2.3996e+05
2.4028e+05
2.4058e+05
2.4086e+05
2.4117e+05
2.4152e+05
2.4187e+05
2.4223e+05
2.426e+05
2.4296e+05
2.4331e+05
2.4366e+05
2.4402e+05
2.4436e+05
2.447e+05
2.4503e+05
2.4537e+05
2.4572e+05
2.4607e+05
2.4642e+05
2.4675e+05
2.4705e+05
2.4734e+05
2.4764e+05
2.4795e+05
2.4826e+05
2.4856e+05
2.4886e+05
2.4916e+05
2.4946e+05
2.4974e+05
2.5004e+05
2.5035e+05
2.5065e+05
2.5096e+05
2.5124e+05
2.5152e+05
2.5181e+05
2.5212e+05
2.5248e+05
2.5283e+05
2.5316e+05
2.5347e+05
2.5376e+05
2.5407e+05
2.5436e+05
2.5467e+05
2.55e+05
2.5531e+05
2.5562e+05
2.5592e+05
2.5611e+05
2.5651e+05
2.5681e+05
2.5711e+05
2.574e+05
2.5749e+05
2.5758e+05
2.5777e+05
2.5796e+05
2.5814e+05
2.5853e+05
2.5872e+05
2.5892e+05
2.5913e+05
2.5942e+05
2.596e+05
2.5999e+05
2.6017e+05
2.606e+05
2.6089e+05
2.6117e+05
2.6129e+05
2.6148e+05
2.6167e+05
2.6205e+05
2.6232e+05
2.6258e+05
2.6275e+05
2.6292e+05
2.6336e+05
2.6365e+05
2.6383e+05
2.6421e+05
2.6439e+05
2.6476e+05
2.6504e+05
2.6534e+05
2.6552e+05
2.6593e+05
2.6621e+05
2.6639e+05
2.6656e+05
2.6694e+05
2.6712e+05
2.6749e+05
2.6776e+05
2.6795e+05
2.6813e+05
2.6851e+05
2.6859e+05
2.6868e+05
2.69e+05
2.6919e+05
2.6953e+05
2.6972e+05
2.7004e+05
2.7023e+05
2.7055e+05
2.7072e+05
2.7103e+05
2.7119e+05
2.7152e+05
2.7169e+05
2.7205e+05
2.7222e+05
2.7258e+05
2.7275e+05
2.7308e+05
2.7324e+05
2.7359e+05
2.7377e+05
2.7413e+05
2.7431e+05
2.7468e+05
2.7485e+05
2.7519e+05
2.7536e+05
2.7569e+05
2.7588e+05
2.7621e+05
2.7638e+05
2.7672e+05
2.769e+05
2.7723e+05
2.7739e+05
2.7772e+05
2.7788e+05
2.7823e+05
2.7842e+05
2.7877e+05
2.7894e+05
2.7927e+05
2.7943e+05
2.7974e+05
2.799e+05
2.8023e+05
2.804e+05
2.8073e+05
2.809e+05
2.8123e+05
2.8139e+05
2.8171e+05
2.8187e+05
2.822e+05
2.8236e+05
2.8272e+05
2.8289e+05
2.8323e+05
2.834e+05
2.8372e+05
2.8387e+05
2.8418e+05
2.8435e+05
2.8469e+05
2.8486e+05
2.852e+05
2.8537e+05
2.857e+05
2.8585e+05
2.8617e+05
2.8633e+05
2.8666e+05
2.8683e+05
2.8718e+05
2.8736e+05
2.8772e+05
2.8788e+05
2.8823e+05
2.8839e+05
2.8875e+05
2.8892e+05
2.893e+05
2.8948e+05
2.8983e+05
2.9e+05
2.9032e+05
2.9049e+05
2.9082e+05
2.9099e+05
2.9133e+05
2.9151e+05
2.9184e+05
2.9202e+05
2.9234e+05
2.925e+05
2.9284e+05
2.93e+05
2.9337e+05
2.9354e+05
2.9392e+05
2.9411e+05
2.9444e+05
2.9462e+05
2.9495e+05
2.9513e+05
2.9547e+05
2.9567e+05
2.9601e+05
2.9619e+05
2.9654e+05
2.967e+05
2.9706e+05
2.9722e+05
2.9761e+05
2.9779e+05
2.9821e+05
2.9839e+05
2.9879e+05
2.9896e+05
2.9937e+05
2.9954e+05
3e+05
3.0018e+05
3.0061e+05
3.0079e+05
3.0121e+05
3.0139e+05
3.0183e+05
3.0201e+05
3.0244e+05
3.0263e+05
3.0303e+05
3.0321e+05
3.0358e+05
3.0375e+05
3.0416e+05
3.0434e+05
3.0478e+05
3.0497e+05
3.0538e+05
3.0555e+05
3.0597e+05
3.0616e+05
3.066e+05
3.0679e+05
3.0719e+05
3.0738e+05
3.0775e+05
3.0793e+05
3.0834e+05
3.0853e+05
3.0896e+05
3.0916e+05
3.0957e+05
3.0974e+05
3.1014e+05
3.1033e+05
3.1072e+05
3.1092e+05
3.1132e+05
3.115e+05
3.1187e+05
3.1205e+05
3.1222e+05
3.1264e+05
3.1282e+05
3.1322e+05
3.134e+05
3.1358e+05
3.14e+05
3.1415e+05
3.1455e+05
3.1472e+05
3.1512e+05
3.1532e+05
3.1569e+05
3.1588e+05
3.1622e+05
3.1639e+05
3.1675e+05
3.1693e+05
3.1732e+05
3.1749e+05
3.1787e+05
3.1805e+05
3.1844e+05
3.1861e+05
3.19e+05
3.1918e+05
3.1958e+05
3.1978e+05
3.2017e+05
3.2034e+05
3.2052e+05
3.2069e+05
3.2095e+05
3.2114e+05
3.2133e+05
3.2176e+05
3.2185e+05
3.2195e+05
3.2233e+05
3.2251e+05
3.2289e+05
3.2307e+05
3.2347e+05
3.2367e+05
3.2387e+05
3.2407e+05
3.2435e+05
3.2462e+05
3.2488e+05
3.2506e+05
3.2523e+05
3.2562e+05
3.2591e+05
3.2619e+05
3.2646e+05
3.2655e+05
3.2665e+05
3.2703e+05
3.272e+05
3.2758e+05
3.278e+05
3.2798e+05
3.2816e+05
3.2844e+05
3.2862e+05
3.2879e+05
3.2921e+05
3.2939e+05
3.2977e+05
3.2998e+05
3.3037e+05
3.3065e+05
3.3095e+05
3.3104e+05
3.3124e+05
3.3155e+05
3.3173e+05
3.3217e+05
3.3252e+05
3.3284e+05
3.3317e+05
3.3352e+05
3.3384e+05
3.3417e+05
3.3452e+05
3.3486e+05
3.3518e+05
3.355e+05
3.358e+05
3.3611e+05
3.3642e+05
3.3675e+05
3.3707e+05
3.3736e+05
3.3766e+05
3.3795e+05
3.3824e+05
3.3855e+05
3.3888e+05
3.3919e+05
3.3951e+05
3.3982e+05
3.4012e+05
3.4044e+05
3.4078e+05
3.4112e+05
3.4146e+05
3.418e+05
3.4211e+05
3.4243e+05
3.4277e+05
3.4311e+05
3.4345e+05
3.4377e+05
3.4409e+05
3.4441e+05
3.4471e+05
3.4502e+05
3.4536e+05
3.4568e+05
3.4601e+05
3.4615e+05
3.4632e+05
3.4662e+05
3.469e+05
3.4717e+05
3.4746e+05
3.4775e+05
3.4796e+05
3.4812e+05
3.4852e+05
3.4861e+05
3.487e+05
3.4905e+05
3.4925e+05
3.4959e+05
3.4977e+05
3.5013e+05
3.5032e+05
3.5049e+05
3.5066e+05
3.5091e+05
3.5108e+05
3.5125e+05
3.5165e+05
3.5185e+05
3.5224e+05
3.5252e+05
3.5278e+05
3.5296e+05
3.5311e+05
3.5355e+05
3.5374e+05
3.5416e+05
3.5435e+05
3.5475e+05
3.5501e+05
3.5527e+05
3.5554e+05
3.5581e+05
3.5612e+05
3.5643e+05
3.5661e+05
3.5701e+05
3.573e+05
3.5757e+05
3.5788e+05
3.5821e+05
3.5841e+05
3.5883e+05
3.5914e+05
3.5942e+05
3.596e+05
3.5977e+05
3.602e+05
3.604e+05
3.6082e+05
3.6111e+05
3.6139e+05
3.6157e+05
3.6172e+05
3.6215e+05
3.6234e+05
3.6278e+05
3.6308e+05
3.6337e+05
3.6365e+05
3.6392e+05
3.642e+05
3.6448e+05
3.6479e+05
3.6509e+05
3.6538e+05
3.6568e+05
3.6597e+05
3.6625e+05
3.6652e+05
3.6682e+05
3.6713e+05
3.6744e+05
3.6773e+05
3.6802e+05
3.683e+05
3.686e+05
3.689e+05
3.692e+05
3.6951e+05
3.698e+05
3.7009e+05
3.704e+05
3.7071e+05
3.7102e+05
3.7135e+05
3.7167e+05
3.7199e+05
3.7231e+05
3.726e+05
3.7292e+05
3.7328e+05
3.7363e+05
3.7394e+05
3.7425e+05
3.7453e+05
3.7482e+05
3.7499e+05
3.7513e+05
3.7547e+05
3.758e+05
3.7616e+05
3.7652e+05
3.7684e+05
3.7719e+05
3.7755e+05
3.7777e+05
3.7825e+05
3.7845e+05
3.7886e+05
3.7916e+05
3.7946e+05
3.7979e+05
3.7999e+05
3.8016e+05
3.8063e+05
3.808e+05
3.8125e+05
3.8142e+05
3.8159e+05
3.8206e+05
3.8216e+05
3.8226e+05
3.8272e+05
3.829e+05
3.8333e+05
3.8351e+05
3.8396e+05
3.8415e+05
3.8465e+05
3.8484e+05
3.8528e+05
3.8547e+05
3.8593e+05
3.8611e+05
3.8661e+05
3.868e+05
3.8728e+05
3.8746e+05
3.8791e+05
3.8811e+05
3.8859e+05
3.8879e+05
3.8902e+05
3.8925e+05
3.896e+05
3.8992e+05
3.9011e+05
3.9029e+05
3.9078e+05
3.9098e+05
3.9146e+05
3.9165e+05
3.9182e+05
3.9226e+05
3.9245e+05
3.9291e+05
3.9311e+05
3.9357e+05
3.9375e+05
3.939e+05
3.9408e+05
3.9453e+05
3.9487e+05
3.9508e+05
3.9526e+05
3.9572e+05
3.9581e+05
3.9591e+05
3.9634e+05
3.9653e+05
3.9698e+05
3.9717e+05
3.9741e+05
3.9765e+05
3.98e+05
3.9818e+05
3.9836e+05
3.9882e+05
3.99e+05
3.9949e+05
3.9987e+05
4.0021e+05
4.0057e+05
4.0076e+05
4.0124e+05
4.0162e+05
4.0198e+05
4.0236e+05
4.0255e+05
4.03e+05
4.0336e+05
4.0356e+05
4.0376e+05
4.0424e+05
4.0434e+05
4.0444e+05
4.0488e+05
4.0506e+05
4.0551e+05
4.0573e+05
4.0596e+05
4.062e+05
4.0654e+05
4.0673e+05
4.0691e+05
4.0735e+05
4.0753e+05
4.08e+05
4.0833e+05
4.0853e+05
4.0871e+05
4.0914e+05
4.0922e+05
4.0931e+05
4.0976e+05
4.0995e+05
4.1041e+05
4.106e+05
4.1105e+05
4.1123e+05
4.1165e+05
4.1183e+05
4.1204e+05
4.1228e+05
4.1247e+05
4.1294e+05
4.1312e+05
4.1355e+05
4.1373e+05
4.1418e+05
4.1438e+05
4.1486e+05
4.1504e+05
4.1549e+05
4.1567e+05
4.1613e+05
4.1632e+05
4.1678e+05
4.1698e+05
4.1743e+05
4.1762e+05
4.1806e+05
4.1824e+05
4.187e+05
4.189e+05
4.1937e+05
4.1955e+05
4.2e+05
4.2017e+05
4.2062e+05
4.2082e+05
4.2129e+05
4.2148e+05
4.2193e+05
4.2211e+05
4.2254e+05
4.2272e+05
4.232e+05
4.2339e+05
4.2385e+05
4.2403e+05
4.2447e+05
4.2465e+05
4.2514e+05
4.2533e+05
4.258e+05
4.2599e+05
4.2642e+05
4.266e+05
4.2704e+05
4.2724e+05
4.2746e+05
4.2768e+05
4.2803e+05
4.2838e+05
4.2857e+05
4.29e+05
4.2934e+05
4.2969e+05
4.3004e+05
4.3024e+05
4.3068e+05
4.3102e+05
4.3137e+05
4.3173e+05
4.3209e+05
4.3245e+05
4.328e+05
4.3316e+05
4.3336e+05
4.3383e+05
4.3423e+05
4.346e+05
4.3497e+05
4.3533e+05
4.3553e+05
4.3601e+05
4.364e+05
4.366e+05
4.3706e+05
4.3743e+05
4.3752e+05
4.3762e+05
4.3809e+05
4.383e+05
4.3876e+05
4.3898e+05
4.3941e+05
4.396e+05
4.3978e+05
4.4025e+05
4.4045e+05
4.4093e+05
4.4112e+05
4.4157e+05
4.4175e+05
4.4221e+05
4.424e+05
4.4288e+05
4.4307e+05
4.4354e+05
4.4372e+05
4.4416e+05
4.4436e+05
4.4459e+05
4.4482e+05
4.4519e+05
4.4529e+05
4.4539e+05
4.4582e+05
4.46e+05
4.4645e+05
4.4665e+05
4.4709e+05
4.4729e+05
4.4768e+05
4.4787e+05
4.4808e+05
4.483e+05
4.4863e+05
4.4873e+05
4.4883e+05
4.4929e+05
4.495e+05
4.4996e+05
4.5014e+05
4.5057e+05
4.5076e+05
4.51e+05
4.5123e+05
4.5159e+05
4.5179e+05
4.5224e+05
4.5259e+05
4.5268e+05
4.5278e+05
4.5326e+05
4.5346e+05
4.5396e+05
4.5415e+05
4.5461e+05
4.548e+05
4.5527e+05
4.5547e+05
4.5596e+05
4.5616e+05
4.5661e+05
4.5679e+05
4.5726e+05
4.5746e+05
4.5794e+05
4.5814e+05
4.586e+05
4.5879e+05
4.59e+05
4.5922e+05
4.5954e+05
4.599e+05
4.601e+05
4.6058e+05
4.6094e+05
4.6127e+05
4.6165e+05
4.6206e+05
4.6244e+05
4.6283e+05
4.6321e+05
4.636e+05
4.6397e+05
4.6436e+05
4.6475e+05
4.6514e+05
4.6551e+05
4.6588e+05
4.663e+05
4.667e+05
4.6709e+05
4.6745e+05
4.6785e+05
4.6825e+05
4.6863e+05
4.6901e+05
4.6938e+05
4.6976e+05
4.7014e+05
4.7052e+05
4.7092e+05
4.7128e+05
4.7163e+05
4.7202e+05
4.7241e+05
4.7278e+05
4.7316e+05
4.7353e+05
4.7389e+05
4.7424e+05
4.746e+05
4.7499e+05
4.7541e+05
4.7581e+05
4.7621e+05
4.7661e+05
4.7701e+05
4.7742e+05
4.7781e+05
4.7819e+05
4.7855e+05
4.7895e+05
4.7935e+05
4.7974e+05
4.8016e+05
4.8053e+05
4.8089e+05
4.8128e+05
4.8169e+05
4.821e+05
4.8247e+05
4.8286e+05
4.8325e+05
4.8366e+05
4.8403e+05
4.8439e+05
4.8476e+05
4.8512e+05
4.8545e+05
4.8582e+05
4.862e+05
4.8658e+05
4.8692e+05
4.8728e+05
4.8763e+05
4.8804e+05
4.8841e+05
4.8878e+05
4.8916e+05
4.8952e+05
4.899e+05
4.903e+05
4.9066e+05
4.9101e+05
4.9137e+05
4.9173e+05
4.9211e+05
4.925e+05
4.9288e+05
4.9324e+05
4.9358e+05
4.9393e+05
4.9429e+05
4.9467e+05
4.9506e+05
4.9541e+05
4.9577e+05
4.9615e+05
4.9654e+05
4.9693e+05
4.9731e+05
4.9767e+05
4.9802e+05
4.9836e+05
4.9871e+05
4.9906e+05
4.9943e+05
4.9979e+05
5.0013e+05
5.005e+05
5.0089e+05
5.0127e+05
5.0165e+05
5.0201e+05
5.0235e+05
5.0272e+05
5.0312e+05
5.0352e+05
5.0392e+05
5.0429e+05
5.047e+05
5.0511e+05
5.0552e+05
5.0592e+05
5.0628e+05
5.0666e+05
5.0704e+05
5.0744e+05
5.0786e+05
5.0824e+05
5.0863e+05
5.0902e+05
5.0942e+05
5.0983e+05
5.1022e+05
5.106e+05
5.1095e+05
5.1135e+05
5.1156e+05
5.1175e+05
5.1213e+05
5.1248e+05
5.1279e+05
5.131e+05
5.134e+05
5.1372e+05
5.1404e+05
5.1434e+05
5.1464e+05
5.1493e+05
5.1523e+05
5.1553e+05
5.1584e+05
5.1615e+05
5.1645e+05
5.1678e+05
5.1697e+05
5.1739e+05
5.1771e+05
5.179e+05
5.1836e+05
5.1871e+05
5.1881e+05
5.189e+05
5.1933e+05
5.1953e+05
5.1995e+05
5.2016e+05
5.2059e+05
5.2079e+05
5.2096e+05
5.2141e+05
5.2158e+05
5.2204e+05
5.2222e+05
5.2269e+05
5.2289e+05
5.2334e+05
5.2351e+05
5.2393e+05
5.2411e+05
5.2459e+05
5.2479e+05
5.2525e+05
5.2544e+05
5.2589e+05
5.2606e+05
5.2652e+05
5.2671e+05
5.2718e+05
5.2737e+05
5.278e+05
5.2798e+05
5.2838e+05
5.2857e+05
5.2902e+05
5.2921e+05
5.2967e+05
5.2985e+05
5.3029e+05
5.3046e+05
5.3092e+05
5.3112e+05
5.3159e+05
5.3178e+05
5.3222e+05
5.324e+05
5.3281e+05
5.33e+05
5.3345e+05
5.3364e+05
5.3407e+05
5.3425e+05
5.3464e+05
5.3482e+05
5.3526e+05
5.3544e+05
5.359e+05
5.3609e+05
5.3652e+05
5.367e+05
5.3716e+05
5.3736e+05
5.3782e+05
5.3802e+05
5.3846e+05
5.3864e+05
5.3907e+05
5.3926e+05
5.3948e+05
5.397e+05
5.4004e+05
5.4023e+05
5.4042e+05
5.4087e+05
5.4106e+05
5.4149e+05
5.4181e+05
5.4201e+05
5.422e+05
5.4266e+05
5.4275e+05
5.4284e+05
5.4328e+05
5.4345e+05
5.4391e+05
5.4411e+05
5.4457e+05
5.4477e+05
5.452e+05
5.4538e+05
5.4579e+05
5.4599e+05
5.4617e+05
5.4663e+05
5.4681e+05
5.4727e+05
5.4745e+05
5.4786e+05
5.4805e+05
5.4851e+05
5.487e+05
5.4913e+05
5.4931e+05
5.4974e+05
5.4992e+05
5.5036e+05
5.5055e+05
5.5099e+05
5.5118e+05
5.516e+05
5.5178e+05
5.522e+05
5.5238e+05
5.5284e+05
5.5303e+05
5.5349e+05
5.5368e+05
5.5412e+05
5.543e+05
5.5476e+05
5.5496e+05
5.5543e+05
5.5561e+05
5.5604e+05
5.5622e+05
5.5668e+05
5.5688e+05
5.5734e+05
5.5753e+05
5.5797e+05
5.5817e+05
5.5859e+05
5.5878e+05
5.5925e+05
5.5945e+05
5.5992e+05
5.6011e+05
5.6029e+05
5.6073e+05
5.6092e+05
5.6114e+05
5.6138e+05
5.6158e+05
5.6176e+05
5.6223e+05
5.6241e+05
5.6288e+05
5.6307e+05
5.6324e+05
5.635e+05
5.6376e+05
5.6415e+05
5.645e+05
5.6469e+05
5.6485e+05
5.6534e+05
5.6576e+05
5.6596e+05
5.6614e+05
5.6662e+05
5.668e+05
5.6697e+05
5.6746e+05
5.6785e+05
5.682e+05
5.6856e+05
5.6876e+05
5.6893e+05
5.6939e+05
5.6979e+05
5.702e+05
5.706e+05
5.7098e+05
5.7139e+05
5.7177e+05
5.7213e+05
5.725e+05
5.729e+05
5.7326e+05
5.7365e+05
5.7407e+05
5.7448e+05
5.7489e+05
5.7531e+05
5.7574e+05
5.7619e+05
5.7662e+05
5.7706e+05
5.7746e+05
5.7786e+05
5.7824e+05
5.7866e+05
5.791e+05
5.7953e+05
5.7969e+05
5.7987e+05
5.8023e+05
5.8061e+05
5.8095e+05
5.8129e+05
5.8151e+05
5.8169e+05
5.8214e+05
5.8248e+05
5.8284e+05
5.8318e+05
5.8339e+05
5.8358e+05
5.8407e+05
5.8446e+05
5.8487e+05
5.8508e+05
5.8527e+05
5.8578e+05
5.8619e+05
5.8638e+05
5.8655e+05
5.8707e+05
5.8751e+05
5.8771e+05
5.879e+05
5.884e+05
5.8883e+05
5.8902e+05
5.8922e+05
5.8976e+05
5.8995e+05
5.9013e+05
5.9062e+05
5.9102e+05
5.9122e+05
5.914e+05
5.9193e+05
5.9235e+05
5.9254e+05
5.9271e+05
5.9321e+05
5.9365e+05
5.9385e+05
5.9403e+05
5.9455e+05
5.9497e+05
5.9516e+05
5.9532e+05
5.9585e+05
5.9631e+05
5.965e+05
5.9668e+05
5.9718e+05
5.9737e+05
5.9754e+05
5.9806e+05
5.9852e+05
5.9872e+05
5.989e+05
5.9939e+05
5.9957e+05
5.9974e+05
6.0028e+05
6.0071e+05
6.0091e+05
6.0108e+05
6.0157e+05
6.0199e+05
6.0219e+05
6.0237e+05
6.029e+05
6.033e+05
6.0349e+05
6.0366e+05
6.0415e+05
6.0457e+05
6.0477e+05
6.0496e+05
6.0545e+05
6.0584e+05
6.0603e+05
6.062e+05
6.067e+05
6.0713e+05
6.0733e+05
6.0752e+05
6.0799e+05
6.0818e+05
6.0835e+05
6.0885e+05
6.0904e+05
6.0923e+05
6.0971e+05
6.099e+05
6.1032e+05
6.1051e+05
6.1068e+05
6.1099e+05
6.1116e+05
6.1136e+05
6.1153e+05
6.1199e+05
6.1217e+05
6.1263e+05
6.1282e+05
6.1303e+05
6.1352e+05
6.1361e+05
6.1371e+05
6.1417e+05
6.1451e+05
6.147e+05
6.1516e+05
6.1553e+05
6.1573e+05
6.1621e+05
6.1657e+05
6.1675e+05
6.1693e+05
6.1745e+05
6.1788e+05
6.1808e+05
6.1832e+05
6.1856e+05
6.1876e+05
6.1894e+05
6.1945e+05
6.1988e+05
6.2008e+05
6.2028e+05
6.2078e+05
6.2115e+05
6.2134e+05
6.2152e+05
6.2206e+05
6.2248e+05
6.2285e+05
6.2304e+05
6.2323e+05
6.2373e+05
6.2413e+05
6.2434e+05
6.2452e+05
6.2502e+05
6.2537e+05
6.2556e+05
6.2602e+05
6.2624e+05
6.2668e+05
6.2698e+05
6.2732e+05
6.2763e+05
6.2783e+05
6.2801e+05
6.2849e+05
6.287e+05
6.2912e+05
6.2941e+05
6.2968e+05
6.2997e+05
6.3026e+05
6.3057e+05
6.3078e+05
6.3095e+05
6.314e+05
6.3159e+05
6.3198e+05
6.3231e+05
6.3245e+05
6.3251e+05
6.327e+05
6.3313e+05
6.3333e+05
6.337e+05
6.3388e+05
6.3405e+05
6.3447e+05
6.3457e+05
6.3466e+05
6.3508e+05
6.3527e+05
6.3566e+05
6.3584e+05
6.3623e+05
6.3641e+05
6.3684e+05
6.3704e+05
6.3747e+05
6.3766e+05
6.3808e+05
6.3826e+05
6.3866e+05
6.3886e+05
6.393e+05
6.3949e+05
6.399e+05
6.4009e+05
6.4026e+05
6.4069e+05
6.4088e+05
6.4109e+05
6.4131e+05
6.4162e+05
6.4181e+05
6.4199e+05
6.424e+05
6.4249e+05
6.4257e+05
6.4297e+05
6.4316e+05
6.4356e+05
6.4376e+05
6.4395e+05
6.4414e+05
6.4441e+05
6.446e+05
6.4477e+05
6.4519e+05
6.4539e+05
6.458e+05
6.46e+05
6.4618e+05
6.4641e+05
6.4662e+05
6.4692e+05
6.4722e+05
6.4757e+05
6.4778e+05
6.4827e+05
6.4862e+05
6.4897e+05
6.4916e+05
6.4934e+05
6.4979e+05
