18
82
362
647
893
1194
1483
1779
2073
2336
2645
2940
3192
3521
3832
4110
4406
4691
4976
5236
5572
5893
6194
6484
6777
7032
7332
7610
7895
8201
8480
8763
9044
9295
9605
9917
10197
10516
10783
11073
11357
11642
11909
12241
12548
12821
13125
13406
13674
13962
14253
14552
14867
15138
15424
15709
15962
16275
16572
16860
17148
17415
17721
17997
18256
18575
18862
19155
19438
19713
20002
20283
20545
20879
21172
21459
21737
22044
22306
22586
22912
23204
23476
23787
24084
24349
24634
24922
25219
25537
25806
26127
26401
26682
26987
27281
27605
27895
28191
28458
28769
29049
29344
29665
29955
30231
30545
30826
31090
31399
31694
31982
32276
32569
32827
33128
33391
33700
33995
34292
34592
34899
35192
35485
35802
36123
36435
36744
37059
37320
37635
37960
38281
38604
38915
39145
39222
39525
39819
40140
40406
40465
40774
41040
41363
41596
41666
41944
42096
42270
42576
42863
43178
43469
43744
44046
44340
44641
44961
45240
45530
45831
46093
46376
46682
46979
47266
47550
47816
48100
48378
48647
48965
49238
49525
49809
50088
50389
50657
50960
51263
51566
51841
52158
52436
52707
53038
53331
53637
53925
54237
54499
54814
55109
55400
55724
56018
56317
56604
56904
57173
57481
57792
58095
58376
58686
58953
59247
59549
59855
60131
60449
60718
61028
61296
61593
61888
62193
62483
62795
63078
63360
63669
63958
64290
64600
64908
65207
65515
65818
66135
66425
66751
67059
67327
67649
67915
68221
68544
68844
69140
69436
69694
70005
70293
70592
70919
71207
71471
71781
72056
72341
72647
72941
73230
73544
73806
74114
74394
74663
75002
75334
75634
75920
76195
76482
76778
77084
77393
77663
77986
78261
78558
78875
79174
79503
79779
80106
80391
80667
80979
81260
81599
81905
82202
82463
82780
83076
83387
83696
84007
84268
84584
84854
85153
85454
85728
86063
86354
86631
86945
87214
87501
87827
88129
88396
88717
89018
89284
89591
89895
90200
90513
90795
91063
91378
91651
91947
92249
92549
92835
93101
93410
93676
93962
94262
94546
94857
95146
95422
95703
95971
96272
96571
96844
97159
97452
97718
98030
98302
98606
98911
99210
99488
99780
1.0007e+05
1.0033e+05
1.0066e+05
1.0097e+05
1.0125e+05
1.0154e+05
1.0183e+05
1.0211e+05
1.0239e+05
1.0269e+05
1.0299e+05
1.0332e+05
1.0359e+05
1.039e+05
1.0419e+05
1.0448e+05
1.0479e+05
1.051e+05
1.0539e+05
1.0571e+05
1.0602e+05
1.0628e+05
1.066e+05
1.0689e+05
1.0719e+05
1.0752e+05
1.0779e+05
1.0809e+05
1.084e+05
1.0867e+05
1.0897e+05
1.0928e+05
1.0955e+05
1.0988e+05
1.1016e+05
1.1045e+05
1.1074e+05
1.1099e+05
1.1131e+05
1.1161e+05
1.119e+05
1.122e+05
1.1249e+05
1.1276e+05
1.1305e+05
1.1334e+05
1.1362e+05
1.1395e+05
1.1424e+05
1.1453e+05
1.1482e+05
1.1511e+05
1.1537e+05
1.1571e+05
1.1604e+05
1.1636e+05
1.1668e+05
1.1699e+05
1.1729e+05
1.1758e+05
1.1789e+05
1.1818e+05
1.1852e+05
1.1884e+05
1.1914e+05
1.1943e+05
1.1973e+05
1.2006e+05
1.2038e+05
1.2068e+05
1.2095e+05
1.2126e+05
1.2157e+05
1.2183e+05
1.2215e+05
1.2245e+05
1.2275e+05
1.2307e+05
1.2336e+05
1.2363e+05
1.2394e+05
1.2421e+05
1.2455e+05
1.2483e+05
1.2516e+05
1.2543e+05
1.2574e+05
1.2601e+05
1.263e+05
1.2661e+05
1.2689e+05
1.2719e+05
1.2748e+05
1.2774e+05
1.2805e+05
1.2832e+05
1.2862e+05
1.2891e+05
1.292e+05
1.2949e+05
1.2978e+05
1.3004e+05
1.3035e+05
1.3061e+05
1.3092e+05
1.3122e+05
1.3151e+05
1.3177e+05
1.3209e+05
1.3237e+05
1.3263e+05
1.3296e+05
1.3325e+05
1.3353e+05
1.3384e+05
1.3412e+05
1.3439e+05
1.347e+05
1.3498e+05
1.3528e+05
1.3557e+05
1.3586e+05
1.3616e+05
1.3644e+05
1.3674e+05
1.37e+05
1.373e+05
1.376e+05
1.3789e+05
1.3819e+05
1.3847e+05
1.3873e+05
1.3905e+05
1.3932e+05
1.3965e+05
1.3993e+05
1.4022e+05
1.4051e+05
1.4079e+05
1.4108e+05
1.4133e+05
1.4167e+05
1.4198e+05
1.4226e+05
1.4258e+05
1.4287e+05
1.4313e+05
1.4343e+05
1.4373e+05
1.4405e+05
1.4433e+05
1.4465e+05
1.4493e+05
1.4522e+05
1.4549e+05
1.4581e+05
1.461e+05
1.464e+05
1.4672e+05
1.47e+05
1.4729e+05
1.4759e+05
1.4786e+05
1.4816e+05
1.4849e+05
1.4879e+05
1.4906e+05
1.4937e+05
1.4965e+05
1.4991e+05
1.5024e+05
1.5053e+05
1.5086e+05
1.5113e+05
1.5143e+05
1.5171e+05
1.5198e+05
1.5231e+05
1.5264e+05
1.5295e+05
1.5325e+05
1.5356e+05
1.5387e+05
1.5418e+05
1.5448e+05
1.5479e+05
1.5511e+05
1.5538e+05
1.5572e+05
1.5604e+05
1.5634e+05
1.5666e+05
1.5698e+05
1.573e+05
1.5761e+05
1.579e+05
1.5819e+05
1.5846e+05
1.5878e+05
1.5911e+05
1.5943e+05
1.5973e+05
1.6e+05
1.6032e+05
1.6058e+05
1.6089e+05
1.6118e+05
1.6152e+05
1.6179e+05
1.6211e+05
1.6238e+05
1.6267e+05
1.6295e+05
1.6323e+05
1.6357e+05
1.6385e+05
1.6413e+05
1.6444e+05
1.6473e+05
1.6503e+05
1.6531e+05
1.6562e+05
1.6591e+05
1.6623e+05
1.665e+05
1.6683e+05
1.6709e+05
1.6741e+05
1.6769e+05
1.6805e+05
1.6837e+05
1.6865e+05
1.6895e+05
1.6921e+05
1.6954e+05
1.6983e+05
1.7016e+05
1.7045e+05
1.7075e+05
1.7104e+05
1.7135e+05
1.7161e+05
1.7192e+05
1.7223e+05
1.7251e+05
1.7283e+05
1.731e+05
1.7341e+05
1.7368e+05
1.7396e+05
1.743e+05
1.7459e+05
1.7486e+05
1.7516e+05
1.7544e+05
1.7569e+05
1.7601e+05
1.763e+05
1.7659e+05
1.7688e+05
1.7715e+05
1.7745e+05
1.777e+05
1.7799e+05
1.7827e+05
1.7857e+05
1.7887e+05
1.7916e+05
1.7944e+05
1.7975e+05
1.8001e+05
1.8028e+05
1.8062e+05
1.8091e+05
1.8121e+05
1.8147e+05
1.8179e+05
1.8205e+05
1.8234e+05
1.8265e+05
1.8294e+05
1.8322e+05
1.8353e+05
1.8381e+05
1.841e+05
1.8438e+05
1.8466e+05
1.8494e+05
1.8527e+05
1.8554e+05
1.8584e+05
1.8613e+05
1.8639e+05
1.8667e+05
1.8698e+05
1.8728e+05
1.8756e+05
1.8788e+05
1.8815e+05
1.8843e+05
1.8872e+05
1.89e+05
1.8932e+05
1.8961e+05
1.8989e+05
1.9019e+05
1.9048e+05
1.9074e+05
1.9105e+05
1.9138e+05
1.9146e+05
1.917e+05
1.92e+05
1.9216e+05
1.9255e+05
1.9279e+05
1.9321e+05
1.934e+05
1.9357e+05
1.9374e+05
1.9414e+05
1.9431e+05
1.9465e+05
1.9482e+05
1.9519e+05
1.9536e+05
1.9571e+05
1.9578e+05
1.9588e+05
1.9609e+05
1.9626e+05
1.9644e+05
1.9663e+05
1.9682e+05
1.9698e+05
1.9718e+05
1.9735e+05
1.9775e+05
1.9816e+05
1.9854e+05
1.9892e+05
1.9929e+05
1.9951e+05
1.9964e+05
1.9995e+05
2.0025e+05
2.0056e+05
2.0082e+05
2.0112e+05
2.0139e+05
2.0155e+05
2.0198e+05
2.0235e+05
2.027e+05
2.0302e+05
2.0333e+05
2.0359e+05
2.0387e+05
2.0413e+05
2.0463e+05
2.0482e+05
2.052e+05
2.0537e+05
2.057e+05
2.0575e+05
2.0587e+05
2.0606e+05
2.0623e+05
2.0653e+05
2.0662e+05
2.067e+05
2.0682e+05
2.0699e+05
2.0718e+05
2.0741e+05
2.0762e+05
2.0779e+05
2.0798e+05
2.0816e+05
2.0835e+05
2.0851e+05
2.0871e+05
2.0891e+05
2.0909e+05
2.0942e+05
2.0962e+05
2.0977e+05
2.0994e+05
2.1012e+05
2.1034e+05
2.1046e+05
2.1085e+05
2.1127e+05
2.1171e+05
2.1217e+05
2.1253e+05
2.1285e+05
2.1323e+05
2.1353e+05
2.1383e+05
2.1412e+05
2.1442e+05
2.147e+05
2.1501e+05
2.1529e+05
2.1562e+05
2.159e+05
2.1621e+05
2.1649e+05
2.1676e+05
2.1707e+05
2.1738e+05
2.1769e+05
2.1797e+05
2.1829e+05
2.1858e+05
2.1885e+05
2.1915e+05
2.1947e+05
2.1975e+05
2.2007e+05
2.2023e+05
2.2062e+05
2.2085e+05
2.2123e+05
2.215e+05
2.2184e+05
2.2201e+05
2.2239e+05
2.2267e+05
2.2279e+05
2.2296e+05
2.2334e+05
2.2352e+05
2.2393e+05
2.2412e+05
2.2446e+05
2.2463e+05
2.2501e+05
2.2518e+05
2.2527e+05
2.2536e+05
2.2558e+05
2.2574e+05
2.2591e+05
2.2606e+05
2.262e+05
2.2642e+05
2.2648e+05
2.2662e+05
2.2677e+05
2.2693e+05
2.271e+05
2.2731e+05
2.2749e+05
2.2766e+05
2.2785e+05
2.2804e+05
2.2829e+05
2.2852e+05
2.2873e+05
2.2904e+05
2.2922e+05
2.2941e+05
2.296e+05
2.2989e+05
2.3002e+05
2.3029e+05
2.3069e+05
2.311e+05
2.3152e+05
2.319e+05
2.3229e+05
2.3268e+05
2.3304e+05
2.3322e+05
2.3336e+05
2.3364e+05
2.3392e+05
2.3419e+05
2.3448e+05
2.3478e+05
2.3507e+05
2.3535e+05
2.3563e+05
2.3589e+05
2.3619e+05
2.3647e+05
2.3676e+05
2.3706e+05
2.3734e+05
2.3762e+05
2.3792e+05
2.3819e+05
2.3846e+05
2.3876e+05
2.3906e+05
2.3935e+05
2.3966e+05
2.3995e+05
2.4023e+05
2.4051e+05
2.4077e+05
2.4108e+05
2.4138e+05
2.4165e+05
2.4196e+05
2.4224e+05
2.425e+05
2.4273e+05
2.428e+05
2.4296e+05
2.4335e+05
2.4353e+05
2.4386e+05
2.4402e+05
2.4439e+05
2.4462e+05
2.4496e+05
2.4513e+05
2.4549e+05
2.4566e+05
2.4603e+05
2.4628e+05
2.4666e+05
2.4682e+05
2.4716e+05
2.4734e+05
2.4762e+05
2.4773e+05
2.4802e+05
2.4818e+05
2.4857e+05
2.4887e+05
2.4904e+05
2.4941e+05
2.4966e+05
2.4982e+05
2.5023e+05
2.5041e+05
2.5052e+05
2.506e+05
2.5084e+05
2.5102e+05
2.512e+05
2.5137e+05
2.5141e+05
2.5153e+05
2.5185e+05
2.5201e+05
2.5222e+05
2.5239e+05
2.5258e+05
2.5276e+05
2.5293e+05
2.5309e+05
2.5324e+05
2.5342e+05
2.536e+05
2.539e+05
2.5399e+05
2.5438e+05
2.5483e+05
2.5529e+05
2.5573e+05
2.5606e+05
2.5614e+05
2.5648e+05
2.5665e+05
2.5706e+05
2.5723e+05
2.5763e+05
2.577e+05
2.5779e+05
2.5797e+05
2.5816e+05
2.5847e+05
2.5857e+05
2.5874e+05
2.5918e+05
2.5935e+05
2.5951e+05
2.596e+05
2.5975e+05
2.5994e+05
2.6016e+05
2.6026e+05
2.6044e+05
2.6069e+05
2.6091e+05
2.6111e+05
2.6128e+05
2.6149e+05
2.6172e+05
2.6188e+05
2.6208e+05
2.6224e+05
2.6241e+05
2.626e+05
2.6279e+05
2.6297e+05
2.6316e+05
2.6333e+05
2.635e+05
2.6368e+05
2.6384e+05
2.6402e+05
2.642e+05
2.6438e+05
2.6469e+05
2.6489e+05
2.6514e+05
2.6537e+05
2.6557e+05
2.6583e+05
2.6595e+05
2.6635e+05
2.6668e+05
2.6681e+05
2.6725e+05
2.6743e+05
2.6783e+05
2.6825e+05
2.6863e+05
2.6902e+05
2.6919e+05
2.6957e+05
2.6993e+05
2.7028e+05
2.7044e+05
2.7076e+05
2.7096e+05
2.711e+05
2.7146e+05
2.7163e+05
2.717e+05
2.7177e+05
2.719e+05
2.7204e+05
2.7222e+05
2.7241e+05
2.7254e+05
2.7269e+05
2.7285e+05
2.7301e+05
2.7318e+05
2.7338e+05
2.7355e+05
2.7371e+05
2.7401e+05
2.7434e+05
2.7474e+05
2.7515e+05
2.7559e+05
2.7602e+05
2.7621e+05
2.765e+05
2.7666e+05
2.7703e+05
2.7741e+05
2.7759e+05
2.7788e+05
2.7799e+05
2.7817e+05
2.7832e+05
2.7846e+05
2.7859e+05
2.7873e+05
2.7886e+05
2.79e+05
2.7915e+05
2.7942e+05
2.7952e+05
2.7991e+05
2.8029e+05
2.8066e+05
2.8088e+05
2.8099e+05
2.8128e+05
2.8155e+05
2.8184e+05
2.8214e+05
2.8243e+05
2.8273e+05
2.8302e+05
2.833e+05
2.8358e+05
2.8386e+05
2.8416e+05
2.8447e+05
2.8478e+05
2.8504e+05
2.8536e+05
2.8552e+05
2.8592e+05
2.8609e+05
2.8638e+05
2.8684e+05
2.8703e+05
2.8752e+05
2.8776e+05
2.8806e+05
2.8851e+05
2.887e+05
2.8881e+05
2.8895e+05
2.8911e+05
2.8932e+05
2.8955e+05
2.8977e+05
2.8994e+05
2.9011e+05
2.9033e+05
2.9052e+05
2.907e+05
2.909e+05
2.9108e+05
2.9146e+05
2.9181e+05
2.9216e+05
2.925e+05
2.9285e+05
2.9312e+05
2.932e+05
2.9349e+05
2.9378e+05
2.9407e+05
2.9436e+05
2.9463e+05
2.9493e+05
2.9525e+05
2.9555e+05
2.9584e+05
2.9613e+05
2.9642e+05
2.9671e+05
2.9703e+05
2.9735e+05
2.9764e+05
2.9797e+05
2.9813e+05
2.9825e+05
2.9838e+05
2.9853e+05
2.9869e+05
2.9872e+05
2.9887e+05
2.9904e+05
2.992e+05
2.9936e+05
2.9956e+05
2.998e+05
3e+05
3.0037e+05
3.0076e+05
3.0112e+05
3.0152e+05
3.0181e+05
3.019e+05
3.0207e+05
3.0241e+05
3.026e+05
3.0285e+05
3.032e+05
3.0355e+05
3.0391e+05
3.041e+05
3.042e+05
3.0424e+05
3.0444e+05
3.0461e+05
3.0479e+05
3.0491e+05
3.0514e+05
3.055e+05
3.0573e+05
3.0583e+05
3.0615e+05
3.0645e+05
3.0673e+05
3.0701e+05
3.0728e+05
3.0755e+05
3.0783e+05
3.0814e+05
3.0844e+05
3.087e+05
3.0901e+05
3.0929e+05
3.0955e+05
3.0987e+05
3.1004e+05
3.1046e+05
3.1063e+05
3.1079e+05
3.1111e+05
3.1128e+05
3.1149e+05
3.117e+05
3.1201e+05
3.1218e+05
3.1234e+05
3.1241e+05
3.1259e+05
3.1265e+05
3.1275e+05
3.1293e+05
3.1309e+05
3.1325e+05
3.1355e+05
3.1363e+05
3.1396e+05
3.1438e+05
3.1484e+05
3.1501e+05
3.1547e+05
3.1567e+05
3.1587e+05
3.1629e+05
3.1647e+05
3.1662e+05
3.1672e+05
3.1688e+05
3.1705e+05
3.1711e+05
3.1727e+05
3.1743e+05
3.1758e+05
3.1772e+05
3.1786e+05
3.1813e+05
3.1827e+05
3.1849e+05
3.187e+05
3.1895e+05
3.1925e+05
3.1939e+05
3.198e+05
3.2017e+05
3.2053e+05
3.207e+05
3.2107e+05
3.2143e+05
3.2176e+05
3.221e+05
3.2233e+05
3.2242e+05
3.2269e+05
3.23e+05
3.2328e+05
3.2357e+05
3.2386e+05
3.2415e+05
3.2441e+05
3.2469e+05
3.2496e+05
3.2524e+05
3.2556e+05
3.2572e+05
3.2612e+05
3.2629e+05
3.2653e+05
3.2685e+05
3.27e+05
3.2713e+05
3.2724e+05
3.274e+05
3.2755e+05
3.2769e+05
3.2786e+05
3.2795e+05
3.283e+05
3.2867e+05
3.2897e+05
3.2929e+05
3.2962e+05
3.2996e+05
3.3027e+05
3.3058e+05
3.3088e+05
3.3118e+05
3.3148e+05
3.3176e+05
3.3193e+05
3.3234e+05
3.3271e+05
3.3287e+05
3.3302e+05
3.3312e+05
3.3328e+05
3.3342e+05
3.336e+05
3.3375e+05
3.3397e+05
3.3414e+05
3.3432e+05
3.3449e+05
3.3471e+05
3.3485e+05
3.3512e+05
3.3531e+05
3.3552e+05
3.358e+05
3.3598e+05
3.3615e+05
3.3646e+05
3.3667e+05
3.3689e+05
3.3709e+05
3.3723e+05
3.3746e+05
3.3782e+05
3.382e+05
3.3865e+05
3.3905e+05
3.3943e+05
3.397e+05
3.398e+05
3.4017e+05
3.4047e+05
3.4077e+05
3.4105e+05
3.4138e+05
3.4166e+05
3.4194e+05
3.4222e+05
3.4252e+05
3.428e+05
3.4324e+05
3.4368e+05
3.4405e+05
3.4421e+05
3.4461e+05
3.4471e+05
3.4479e+05
3.4493e+05
3.4506e+05
3.4515e+05
3.4532e+05
3.4549e+05
3.4566e+05
3.4582e+05
3.4598e+05
3.4614e+05
3.463e+05
3.4647e+05
3.4672e+05
3.469e+05
3.4706e+05
3.4739e+05
3.4779e+05
3.482e+05
3.4864e+05
3.4881e+05
3.4898e+05
3.4906e+05
3.4927e+05
3.4945e+05
3.4963e+05
3.4989e+05
3.5023e+05
3.5043e+05
3.5061e+05
3.5082e+05
3.5098e+05
3.5121e+05
3.5141e+05
3.5162e+05
3.5184e+05
3.5201e+05
3.5223e+05
3.5241e+05
3.5261e+05
3.5283e+05
3.5296e+05
3.5306e+05
3.5329e+05
3.5345e+05
3.5363e+05
3.5387e+05
3.5406e+05
3.5427e+05
3.5454e+05
3.5471e+05
3.5491e+05
3.5507e+05
3.5531e+05
3.5575e+05
3.56e+05
3.5621e+05
3.564e+05
3.5658e+05
3.5669e+05
3.5697e+05
3.5717e+05
3.5729e+05
3.5742e+05
3.5762e+05
3.5792e+05
3.5819e+05
3.5842e+05
3.587e+05
3.589e+05
3.5912e+05
3.5936e+05
3.5962e+05
3.5982e+05
3.6003e+05
3.6034e+05
3.6056e+05
3.6074e+05
3.6089e+05
3.6104e+05
3.6117e+05
3.6138e+05
3.6156e+05
3.6183e+05
3.6203e+05
3.6221e+05
3.6237e+05
3.6252e+05
3.6268e+05
3.6277e+05
3.6286e+05
3.6308e+05
3.6324e+05
3.6333e+05
3.6356e+05
3.6383e+05
3.6393e+05
3.6409e+05
3.6431e+05
3.6447e+05
3.6462e+05
3.6476e+05
3.6498e+05
3.653e+05
3.6546e+05
3.6568e+05
3.6591e+05
3.661e+05
3.6635e+05
3.6654e+05
3.6679e+05
3.67e+05
3.6726e+05
3.6754e+05
3.678e+05
3.6797e+05
3.6819e+05
3.6839e+05
3.6859e+05
3.6881e+05
3.6902e+05
3.6932e+05
3.695e+05
3.6964e+05
3.6993e+05
3.7009e+05
3.7023e+05
3.7052e+05
3.7078e+05
3.7094e+05
3.7109e+05
3.7126e+05
3.7142e+05
3.7157e+05
3.7179e+05
3.7197e+05
3.7216e+05
3.7237e+05
3.7254e+05
3.7268e+05
3.7294e+05
3.7309e+05
3.7315e+05
3.7336e+05
3.7356e+05
3.7375e+05
3.739e+05
3.7405e+05
3.7432e+05
3.7454e+05
3.7478e+05
3.7509e+05
3.7532e+05
3.754e+05
3.7558e+05
3.7579e+05
3.7588e+05
3.761e+05
3.7628e+05
3.7649e+05
3.7667e+05
3.7681e+05
3.7696e+05
3.773e+05
3.7755e+05
3.7772e+05
3.7799e+05
3.7825e+05
3.7849e+05
3.7856e+05
3.7863e+05
3.7878e+05
3.7905e+05
3.7923e+05
3.794e+05
3.7963e+05
3.7998e+05
3.8022e+05
3.8046e+05
3.8061e+05
3.8082e+05
3.8096e+05
3.8125e+05
3.8154e+05
3.8172e+05
3.8187e+05
3.8205e+05
3.8226e+05
3.8243e+05
3.8266e+05
3.827e+05
3.8287e+05
3.8313e+05
3.834e+05
3.8363e+05
3.8378e+05
3.8391e+05
3.8411e+05
3.8426e+05
3.8441e+05
3.8466e+05
3.8492e+05
3.8513e+05
3.8528e+05
3.8551e+05
3.8567e+05
3.8582e+05
3.8598e+05
3.8624e+05
3.8641e+05
3.8664e+05
3.869e+05
3.8711e+05
3.873e+05
3.8756e+05
3.8802e+05
3.8821e+05
3.8854e+05
3.8894e+05
3.8912e+05
3.8953e+05
3.8969e+05
3.9014e+05
3.9032e+05
3.9075e+05
3.9117e+05
3.9154e+05
3.9191e+05
3.9206e+05
3.9233e+05
3.9243e+05
3.928e+05
3.9306e+05
3.9336e+05
3.9363e+05
3.939e+05
3.9419e+05
3.9448e+05
3.9478e+05
3.9509e+05
3.9537e+05
3.9565e+05
3.9595e+05
3.9623e+05
3.9652e+05
3.9683e+05
3.9712e+05
3.9741e+05
3.9771e+05
3.9796e+05
3.9826e+05
3.9854e+05
3.9884e+05
3.9913e+05
3.9944e+05
3.9972e+05
4e+05
4.0027e+05
4.0057e+05
4.0086e+05
4.0115e+05
4.0145e+05
4.0175e+05
4.0202e+05
4.0233e+05
4.026e+05
4.029e+05
4.0317e+05
4.0333e+05
4.0377e+05
4.0394e+05
4.0432e+05
4.0455e+05
4.0489e+05
4.0516e+05
4.0531e+05
4.0572e+05
4.0597e+05
4.0629e+05
4.0658e+05
4.0688e+05
4.0703e+05
4.0741e+05
4.0759e+05
4.0795e+05
4.0826e+05
4.0856e+05
4.0886e+05
4.0914e+05
4.0946e+05
4.0977e+05
4.1009e+05
4.1036e+05
4.1067e+05
4.1093e+05
4.1123e+05
4.115e+05
4.1198e+05
4.1237e+05
4.1254e+05
4.129e+05
4.1322e+05
4.1351e+05
4.1367e+05
4.1406e+05
4.143e+05
4.147e+05
4.1497e+05
4.1505e+05
4.1521e+05
4.1558e+05
4.1575e+05
4.1612e+05
4.163e+05
4.1666e+05
4.1683e+05
4.1721e+05
4.1743e+05
4.1784e+05
4.1811e+05
4.1856e+05
4.1874e+05
4.1909e+05
4.1926e+05
4.1964e+05
4.198e+05
4.2015e+05
4.2033e+05
4.2072e+05
4.2089e+05
4.2127e+05
4.2144e+05
4.2179e+05
4.2195e+05
4.2233e+05
4.2251e+05
4.2288e+05
4.2305e+05
4.233e+05
4.2372e+05
4.2411e+05
4.2432e+05
4.2448e+05
4.2483e+05
4.2501e+05
4.2535e+05
4.2553e+05
4.2589e+05
4.2606e+05
4.264e+05
4.2658e+05
4.2694e+05
4.2716e+05
4.2752e+05
4.2774e+05
4.2808e+05
4.2826e+05
4.2858e+05
4.2877e+05
4.2912e+05
4.2935e+05
4.2949e+05
4.298e+05
4.3e+05
4.3032e+05
4.3053e+05
4.3085e+05
4.3105e+05
4.314e+05
4.3161e+05
4.3195e+05
4.3215e+05
4.3248e+05
4.3267e+05
4.3299e+05
4.3319e+05
4.3333e+05
4.3368e+05
4.3389e+05
4.3423e+05
4.3439e+05
4.3473e+05
4.3491e+05
4.3528e+05
4.3546e+05
4.3585e+05
4.3602e+05
4.3638e+05
4.3655e+05
4.369e+05
4.3706e+05
4.3742e+05
4.376e+05
4.3797e+05
4.3814e+05
4.3851e+05
4.3868e+05
4.3904e+05
4.392e+05
4.3926e+05
4.3931e+05
4.3956e+05
4.3973e+05
4.3994e+05
4.4013e+05
4.4043e+05
4.406e+05
4.4074e+05
4.4101e+05
4.412e+05
4.4136e+05
4.4152e+05
4.417e+05
4.4193e+05
4.4208e+05
4.4242e+05
4.428e+05
4.432e+05
4.436e+05
4.4401e+05
4.4424e+05
4.4465e+05
4.4483e+05
4.4501e+05
4.4542e+05
4.4558e+05
4.4577e+05
4.4617e+05
4.4634e+05
4.4648e+05
4.466e+05
4.4677e+05
4.4694e+05
4.4709e+05
4.4724e+05
4.474e+05
4.4756e+05
4.4771e+05
4.4789e+05
4.4815e+05
4.4838e+05
4.4874e+05
4.4922e+05
4.4956e+05
4.4969e+05
4.4986e+05
4.5005e+05
4.505e+05
4.5068e+05
4.5095e+05
4.5136e+05
4.5153e+05
4.5178e+05
4.5215e+05
4.5231e+05
4.5249e+05
4.5258e+05
4.5278e+05
4.53e+05
4.5315e+05
4.533e+05
4.5345e+05
4.5369e+05
4.5387e+05
4.5402e+05
4.5422e+05
4.5437e+05
4.5453e+05
4.547e+05
4.5475e+05
4.5484e+05
4.5516e+05
4.5556e+05
4.5598e+05
4.5638e+05
4.5676e+05
4.5714e+05
4.5752e+05
4.5772e+05
4.5806e+05
4.5826e+05
4.584e+05
4.586e+05
4.5892e+05
4.5926e+05
4.5938e+05
4.5948e+05
4.5963e+05
4.5977e+05
4.5995e+05
4.6013e+05
4.6026e+05
4.6031e+05
4.605e+05
4.6066e+05
4.6083e+05
4.6095e+05
4.6111e+05
4.6128e+05
4.6133e+05
4.6161e+05
4.6191e+05
4.6198e+05
4.6224e+05
4.6257e+05
4.6286e+05
4.63e+05
4.6315e+05
4.6338e+05
4.6362e+05
4.6378e+05
4.6403e+05
4.6436e+05
4.6468e+05
4.648e+05
4.6498e+05
4.6526e+05
4.6555e+05
4.6583e+05
4.6612e+05
4.6621e+05
4.6628e+05
4.6641e+05
4.6656e+05
4.6673e+05
4.669e+05
4.6704e+05
4.6737e+05
4.6771e+05
4.6804e+05
4.6834e+05
4.6848e+05
4.6862e+05
4.6873e+05
4.6896e+05
4.6923e+05
4.6927e+05
4.6942e+05
4.6954e+05
4.697e+05
4.6985e+05
4.6998e+05
4.7027e+05
4.7059e+05
4.7086e+05
4.7114e+05
4.7141e+05
4.7167e+05
4.7196e+05
4.7212e+05
4.7254e+05
4.727e+05
4.7296e+05
4.7312e+05
4.7326e+05
4.7363e+05
4.7378e+05
4.7397e+05
4.7434e+05
4.7451e+05
4.7471e+05
4.7509e+05
4.7529e+05
4.7567e+05
4.7591e+05
4.7605e+05
4.7635e+05
4.7642e+05
4.766e+05
4.7674e+05
4.7692e+05
4.771e+05
4.772e+05
4.7741e+05
4.7772e+05
4.78e+05
4.7832e+05
4.7848e+05
4.7855e+05
4.7862e+05
4.7877e+05
4.7896e+05
4.7918e+05
4.7931e+05
4.7941e+05
4.7948e+05
4.7973e+05
4.7989e+05
4.8004e+05
4.8016e+05
4.8035e+05
4.8069e+05
4.8107e+05
4.813e+05
4.8141e+05
4.8174e+05
4.821e+05
4.824e+05
4.8255e+05
4.8269e+05
4.8283e+05
4.8287e+05
4.8302e+05
4.8323e+05
4.8348e+05
4.8365e+05
4.8383e+05
4.8401e+05
4.8416e+05
4.8432e+05
4.8448e+05
4.8457e+05
4.8483e+05
4.8519e+05
4.8559e+05
4.8594e+05
4.8638e+05
4.8682e+05
4.8698e+05
4.8741e+05
4.8759e+05
4.879e+05
4.8806e+05
4.8818e+05
4.8829e+05
4.8845e+05
4.8862e+05
4.8877e+05
4.8891e+05
4.892e+05
4.8947e+05
4.8967e+05
4.8982e+05
4.8999e+05
4.9009e+05
4.9014e+05
4.9042e+05
4.9074e+05
4.9111e+05
4.9124e+05
4.9157e+05
4.9203e+05
4.9244e+05
4.9261e+05
4.9298e+05
4.9315e+05
4.9342e+05
4.9358e+05
4.9371e+05
4.9385e+05
4.9405e+05
4.9423e+05
4.9432e+05
4.9438e+05
4.946e+05
4.9482e+05
4.9499e+05
4.9518e+05
4.9534e+05
4.9554e+05
4.9569e+05
4.9582e+05
4.9606e+05
4.9643e+05
4.9671e+05
4.9678e+05
4.9722e+05
4.9767e+05
4.9805e+05
4.9822e+05
4.9837e+05
4.9844e+05
4.9861e+05
4.9876e+05
4.9892e+05
4.9909e+05
4.9925e+05
4.9947e+05
4.9968e+05
4.9985e+05
5.0001e+05
5.0025e+05
5.0063e+05
5.011e+05
5.0155e+05
5.0191e+05
5.0224e+05
5.0262e+05
5.0279e+05
5.032e+05
5.0356e+05
5.0372e+05
5.0384e+05
5.0396e+05
5.041e+05
5.043e+05
5.0445e+05
5.0462e+05
5.0487e+05
5.0521e+05
5.0553e+05
5.0583e+05
5.0612e+05
5.0642e+05
5.0673e+05
5.0703e+05
5.073e+05
5.0761e+05
5.0777e+05
5.0816e+05
5.0854e+05
5.0871e+05
5.0878e+05
5.0896e+05
5.0912e+05
5.0932e+05
5.095e+05
5.0968e+05
5.099e+05
5.1002e+05
5.1025e+05
5.106e+05
5.1081e+05
5.1099e+05
5.1129e+05
5.1158e+05
5.1188e+05
5.1217e+05
5.1244e+05
5.1271e+05
5.1302e+05
5.1332e+05
5.136e+05
5.1392e+05
5.1408e+05
5.1434e+05
5.1483e+05
5.1509e+05
5.1553e+05
5.1571e+05
5.1596e+05
5.1639e+05
5.1674e+05
5.169e+05
5.1699e+05
5.1711e+05
5.1727e+05
5.1747e+05
5.1758e+05
5.177e+05
5.1801e+05
5.1843e+05
5.1885e+05
5.1902e+05
5.1928e+05
5.1972e+05
5.2015e+05
5.2026e+05
5.2035e+05
5.2051e+05
5.2066e+05
5.2085e+05
5.2102e+05
5.2142e+05
5.2161e+05
5.2182e+05
5.2222e+05
5.2239e+05
5.225e+05
5.2258e+05
5.228e+05
5.2297e+05
5.2311e+05
5.2325e+05
5.234e+05
5.2363e+05
5.2378e+05
5.2412e+05
5.2459e+05
5.2502e+05
5.2542e+05
5.2562e+05
5.2577e+05
5.2615e+05
5.2633e+05
5.2672e+05
5.2685e+05
5.2695e+05
5.271e+05
5.273e+05
5.2747e+05
5.2768e+05
5.2781e+05
5.2797e+05
5.2811e+05
5.2837e+05
5.2857e+05
5.2878e+05
5.2918e+05
5.2934e+05
5.2943e+05
5.2959e+05
5.2974e+05
5.2993e+05
5.3012e+05
5.3037e+05
5.308e+05
5.3122e+05
5.316e+05
5.3198e+05
5.3234e+05
5.3268e+05
5.3284e+05
5.3291e+05
5.3298e+05
5.3317e+05
5.3337e+05
5.3353e+05
5.3373e+05
5.339e+05
5.3406e+05
5.3424e+05
5.3443e+05
5.3453e+05
5.3461e+05
5.3477e+05
5.3493e+05
5.3528e+05
5.3566e+05
5.3576e+05
5.3581e+05
5.3599e+05
5.3632e+05
5.3662e+05
5.3692e+05
5.3723e+05
5.3746e+05
5.3752e+05
5.3786e+05
5.3814e+05
5.3842e+05
5.387e+05
5.3899e+05
5.3915e+05
5.3928e+05
5.3939e+05
5.3946e+05
5.396e+05
5.3973e+05
5.3993e+05
5.4016e+05
5.4035e+05
5.4051e+05
5.4074e+05
5.4091e+05
5.4105e+05
5.4124e+05
5.4139e+05
5.4161e+05
5.4182e+05
5.4198e+05
5.4228e+05
5.4245e+05
5.4265e+05
5.4285e+05
5.4298e+05
5.431e+05
5.4334e+05
5.4371e+05
5.4406e+05
5.4441e+05
5.4461e+05
5.4474e+05
5.4501e+05
5.4529e+05
5.4557e+05
5.4585e+05
5.4613e+05
5.464e+05
5.4666e+05
5.4692e+05
5.4718e+05
5.4744e+05
5.4772e+05
5.48e+05
5.4828e+05
5.4856e+05
5.4883e+05
5.4909e+05
5.4936e+05
5.4964e+05
5.4993e+05
5.5021e+05
5.505e+05
5.5078e+05
5.5103e+05
5.5134e+05
5.5161e+05
5.5188e+05
5.5219e+05
5.5248e+05
5.5263e+05
5.5271e+05
5.5288e+05
5.5303e+05
5.5317e+05
5.5333e+05
5.5349e+05
5.5368e+05
5.5383e+05
5.5399e+05
5.5418e+05
5.5438e+05
5.5454e+05
5.5472e+05
5.5486e+05
5.5501e+05
5.5517e+05
5.5533e+05
5.5549e+05
5.5565e+05
5.5586e+05
5.561e+05
5.5629e+05
5.565e+05
5.5676e+05
5.571e+05
5.5751e+05
5.5796e+05
5.5841e+05
5.5869e+05
5.5881e+05
5.5915e+05
5.595e+05
5.5978e+05
5.6005e+05
5.6031e+05
5.6061e+05
5.6089e+05
5.6121e+05
5.6151e+05
5.6177e+05
5.6205e+05
5.6234e+05
5.6263e+05
5.6293e+05
5.6324e+05
5.6352e+05
5.638e+05
5.6411e+05
5.6439e+05
5.6467e+05
5.6498e+05
5.6514e+05
5.6527e+05
5.6536e+05
5.6553e+05
5.6568e+05
5.6585e+05
5.66e+05
5.6615e+05
5.6629e+05
5.6645e+05
5.666e+05
5.6676e+05
5.6692e+05
5.6708e+05
5.6725e+05
5.6741e+05
5.6759e+05
5.6775e+05
5.6788e+05
5.6794e+05
5.6826e+05
5.6866e+05
5.6911e+05
5.6959e+05
5.7005e+05
5.703e+05
5.7043e+05
5.7075e+05
5.709e+05
5.7103e+05
5.711e+05
5.7128e+05
5.7142e+05
5.7163e+05
5.718e+05
5.7206e+05
5.7246e+05
5.7284e+05
5.732e+05
5.7358e+05
5.7395e+05
5.7425e+05
5.7441e+05
5.7455e+05
5.7489e+05
5.7519e+05
5.7534e+05
5.7539e+05
5.7547e+05
5.7561e+05
5.7578e+05
5.7599e+05
5.7618e+05
5.7641e+05
5.7656e+05
5.7677e+05
5.7703e+05
5.7723e+05
5.774e+05
5.7754e+05
5.7769e+05
5.7795e+05
5.7817e+05
5.7833e+05
5.7848e+05
5.7863e+05
5.7876e+05
5.789e+05
5.7904e+05
5.7919e+05
5.7935e+05
5.7959e+05
5.7977e+05
5.7994e+05
5.8013e+05
5.8038e+05
5.8058e+05
5.8074e+05
5.8089e+05
5.8103e+05
5.8123e+05
5.8147e+05
5.8167e+05
5.8185e+05
5.8207e+05
5.823e+05
5.826e+05
5.8285e+05
5.8299e+05
5.8322e+05
5.8342e+05
5.8366e+05
5.8379e+05
5.8392e+05
5.8411e+05
5.843e+05
5.8458e+05
5.8479e+05
5.8489e+05
5.85e+05
5.8521e+05
5.8543e+05
5.8569e+05
5.8586e+05
5.8612e+05
5.8631e+05
5.8656e+05
5.8693e+05
5.8712e+05
5.8726e+05
5.8739e+05
5.8761e+05
5.8782e+05
5.8807e+05
5.8836e+05
5.886e+05
5.8885e+05
5.8901e+05
5.8924e+05
5.8946e+05
5.8971e+05
5.8994e+05
5.9011e+05
5.9028e+05
5.9046e+05
5.9071e+05
5.9097e+05
5.9119e+05
5.9137e+05
5.9163e+05
5.9189e+05
5.9223e+05
5.9246e+05
5.9262e+05
5.9278e+05
5.9308e+05
5.933e+05
5.9344e+05
5.9357e+05
5.937e+05
5.9395e+05
5.9421e+05
5.9435e+05
5.9455e+05
5.9477e+05
5.9494e+05
5.951e+05
5.9525e+05
5.9537e+05
5.9542e+05
5.9565e+05
5.9583e+05
5.9605e+05
5.9626e+05
5.9649e+05
5.9661e+05
5.9674e+05
5.9692e+05
5.9708e+05
5.9727e+05
5.9743e+05
5.976e+05
5.9771e+05
5.9791e+05
5.9805e+05
5.9821e+05
5.9851e+05
5.9854e+05
5.9879e+05
5.9902e+05
5.992e+05
5.9947e+05
5.9963e+05
5.9988e+05
6.0009e+05
6.0027e+05
6.0057e+05
6.0086e+05
6.0107e+05
6.012e+05
6.0148e+05
6.0173e+05
6.0195e+05
6.0224e+05
6.0242e+05
6.027e+05
6.0292e+05
6.0309e+05
6.0332e+05
6.0347e+05
6.0373e+05
6.0391e+05
6.0411e+05
6.044e+05
6.047e+05
6.049e+05
6.0507e+05
6.0537e+05
6.0554e+05
6.0575e+05
6.0596e+05
6.0616e+05
6.0632e+05
6.066e+05
6.0677e+05
6.0703e+05
6.0723e+05
6.0743e+05
6.0765e+05
6.0789e+05
6.0809e+05
6.0826e+05
6.0854e+05
6.0872e+05
6.0888e+05
6.0904e+05
6.0927e+05
6.0952e+05
6.098e+05
6.0999e+05
6.1015e+05
6.1035e+05
6.106e+05
6.1081e+05
6.1106e+05
6.1134e+05
6.115e+05
6.1171e+05
6.1193e+05
6.1208e+05
6.1224e+05
6.1252e+05
6.1277e+05
6.1292e+05
6.1322e+05
6.1344e+05
6.1358e+05
6.138e+05
6.1397e+05
6.1418e+05
6.1441e+05
6.1462e+05
6.1487e+05
6.1504e+05
6.153e+05
6.1546e+05
6.1565e+05
6.1579e+05
6.1592e+05
6.1612e+05
6.1642e+05
6.167e+05
6.1699e+05
6.1731e+05
6.1752e+05
6.1777e+05
6.1795e+05
6.181e+05
6.1835e+05
6.1853e+05
6.1867e+05
6.1882e+05
6.1904e+05
6.1934e+05
6.1951e+05
6.1975e+05
6.1994e+05
6.2008e+05
6.2029e+05
6.2051e+05
6.2067e+05
6.2095e+05
6.2111e+05
6.214e+05
6.2159e+05
6.2176e+05
6.219e+05
6.221e+05
6.2227e+05
6.2253e+05
6.2277e+05
6.2304e+05
6.2327e+05
6.235e+05
6.2382e+05
6.2399e+05
6.2422e+05
6.2445e+05
6.2459e+05
6.2484e+05
6.2513e+05
6.2535e+05
6.2549e+05
6.2575e+05
6.2592e+05
6.2621e+05
6.2636e+05
6.265e+05
6.2672e+05
6.2696e+05
6.2729e+05
6.2753e+05
6.2775e+05
6.2795e+05
6.2816e+05
6.2843e+05
6.2868e+05
6.2887e+05
6.2911e+05
6.2941e+05
6.2961e+05
6.2976e+05
6.2989e+05
6.3017e+05
6.3041e+05
6.3062e+05
6.3088e+05
6.3119e+05
6.3141e+05
6.3165e+05
6.3182e+05
6.3197e+05
6.3223e+05
6.3245e+05
6.3264e+05
6.3291e+05
6.3314e+05
6.3336e+05
6.3354e+05
6.338e+05
6.3409e+05
6.3434e+05
6.3451e+05
6.3474e+05
6.349e+05
6.3521e+05
6.3539e+05
6.3563e+05
6.3584e+05
6.3604e+05
6.3631e+05
6.3662e+05
6.3685e+05
6.3706e+05
6.3725e+05
6.3743e+05
6.3762e+05
6.3782e+05
6.3805e+05
6.3837e+05
6.3853e+05
6.3871e+05
6.3899e+05
6.3914e+05
6.394e+05
6.3966e+05
6.3987e+05
6.4003e+05
6.4027e+05
6.4051e+05
6.4071e+05
6.4094e+05
6.4123e+05
6.4141e+05
6.4157e+05
6.417e+05
6.419e+05
6.4211e+05
6.4232e+05
6.4266e+05
6.4294e+05
6.4315e+05
6.4337e+05
6.4356e+05
6.4388e+05
6.4404e+05
6.4425e+05
6.4439e+05
6.4463e+05
6.4482e+05
6.4498e+05
6.4525e+05
6.4544e+05
6.4557e+05
6.4583e+05
6.4598e+05
6.463e+05
6.4646e+05
6.4668e+05
6.4698e+05
6.4714e+05
6.4739e+05
6.4756e+05
6.4772e+05
6.4806e+05
6.4824e+05
6.485e+05
6.4872e+05
6.4899e+05
6.4916e+05
6.4932e+05
6.496e+05
6.4986e+05
